1725629232032 0.6730625629425049 0
1725629233199 0.7764692306518555 1
1725629234442 0.7895099520683289 2
1725629235583 0.7975527048110962 3
1725629236766 0.8082380890846252 4
1725629237861 0.8141552209854126 5
1725629238924 0.8232320547103882 6
1725629239937 0.8290917277336121 7
1725629240767 0.839432418346405 8
1725629241599 0.8451197743415833 9
1725629242655 0.8509795069694519 10
1725629243726 0.8633882999420166 11
1725629244692 0.8676394820213318 12
1725629245517 0.8739013075828552 13
1725629246330 0.8838973045349121 14
