1725629232032 1.0479238033294678 0
1725629233199 0.6776264905929565 1
1725629234442 0.6271339654922485 2
1725629235583 0.5973193645477295 3
1725629236766 0.559494137763977 4
1725629237861 0.536552369594574 5
1725629238924 0.509904682636261 6
1725629239937 0.48348501324653625 7
1725629240767 0.4615577459335327 8
1725629241599 0.43755674362182617 9
1725629242655 0.4108062982559204 10
1725629243726 0.3846593499183655 11
1725629244692 0.36560213565826416 12
1725629245517 0.34487393498420715 13
1725629246330 0.324008971452713 14
